0 0.540278 0.513281 0.0472222 0.0234375
0 0.813889 0.861719 0.0305556 0.0171875
0 0.670833 0.0933594 0.0361111 0.0164062
0 0.470833 0.865625 0.0388889 0.025
0 0.827083 0.603516 0.0430556 0.0226563
0 0.773611 0.819922 0.0388889 0.0195312
0 0.83125 0.413281 0.0291667 0.0171875
0 0.505556 0.901172 0.0277778 0.0195312
0 0.297222 0.754687 0.0361111 0.0234375
0 0.215972 0.221875 0.0375 0.0171875
0 0.295833 0.678125 0.0527778 0.03125
0 0.371528 0.125781 0.0347222 0.01875
0 0.129167 0.819141 0.0416667 0.0179687
0 0.875 0.192188 0.0361111 0.021875
0 0.177083 0.138672 0.0375 0.0179687
0 0.399306 0.838281 0.0319444 0.01875
0 0.59375 0.787891 0.0402778 0.0210938
0 0.14375 0.584375 0.0486111 0.03125
0 0.265278 0.725 0.0444444 0.021875
0 0.511806 0.584375 0.0347222 0.0203125
0 0.618056 0.576172 0.0388889 0.0195312
0 0.204861 0.116406 0.0319444 0.0203125
0 0.688889 0.419531 0.0333333 0.0203125
0 0.152778 0.91875 0.0416667 0.021875
0 0.509028 0.564062 0.0291667 0.0171875
0 0.1625 0.686719 0.0333333 0.01875
0 0.283333 0.198828 0.0277778 0.0179687
0 0.375694 0.178125 0.0263889 0.0171875
0 0.259722 0.1375 0.0416667 0.021875
0 0.771528 0.836719 0.0375 0.0203125
0 0.436111 0.775 0.0416667 0.021875
0 0.826389 0.353516 0.0277778 0.0179687
0 0.58125 0.0738281 0.0291667 0.0148437
0 0.202778 0.929297 0.0361111 0.0210938
0 0.367361 0.849219 0.0263889 0.015625
0 0.623611 0.262109 0.0305556 0.0179687
0 0.85625 0.635156 0.0263889 0.015625
0 0.570833 0.0738281 0.025 0.0148437
0 0.756944 0.45 0.025 0.0140625
0 0.791667 0.630469 0.0305556 0.0171875
0 0.373611 0.499219 0.0333333 0.0203125
0 0.233333 0.8875 0.0472222 0.0265625
0 0.629167 0.275391 0.0277778 0.0148437
0 0.382639 0.813281 0.0291667 0.0171875
0 0.342361 0.928906 0.0319444 0.01875
0 0.370833 0.826953 0.0222222 0.0132813
0 0.466667 0.0738281 0.0277778 0.0148437
0 0.828472 0.423438 0.0375 0.0234375
0 0.201389 0.071875 0.0333333 0.01875
0 0.767361 0.146875 0.0319444 0.0171875
0 0.779167 0.0742188 0.025 0.0140625
0 0.11875 0.819922 0.0263889 0.0148437
0 0.602778 0.181641 0.025 0.0132813
0 0.143056 0.923047 0.0277778 0.0164062
0 0.129167 0.797656 0.0305556 0.0171875
0 0.125 0.904297 0.025 0.0148437
0 0.751389 0.930078 0.0305556 0.0164062
0 0.15 0.0714844 0.0277778 0.0148437
0 0.206944 0.472656 0.025 0.0140625
0 0.33125 0.818359 0.0208333 0.0117188
0 0.336111 0.547656 0.025 0.0140625
0 0.876389 0.305078 0.025 0.0148437
0 0.594444 0.926953 0.0277778 0.0148437
0 0.154167 0.692969 0.025 0.0140625
0 0.370139 0.0886719 0.0291667 0.0164062
0 0.882639 0.322266 0.0263889 0.0148437
0 0.544444 0.698438 0.0222222 0.0125
0 0.879167 0.81875 0.025 0.0140625
0 0.864583 0.466406 0.0263889 0.0140625
0 0.58125 0.326953 0.0236111 0.0132813
0 0.605556 0.783203 0.025 0.0148437
0 0.175 0.874609 0.0222222 0.0132813
0 0.124306 0.363672 0.0263889 0.0148437
0 0.319444 0.733984 0.0277778 0.0164062
0 0.279861 0.725 0.0236111 0.0140625
0 0.211806 0.767969 0.0236111 0.0140625
0 0.878472 0.13125 0.0236111 0.0125
0 0.126389 0.669531 0.025 0.0140625
0 0.299306 0.762109 0.0263889 0.0148437
0 0.435417 0.882812 0.0291667 0.0171875
0 0.872222 0.205469 0.0277778 0.015625
0 0.495833 0.238281 0.0277778 0.015625
0 0.736111 0.782812 0.0222222 0.0125
0 0.613889 0.854297 0.025 0.0148437
0 0.275694 0.505469 0.0291667 0.015625
0 0.119444 0.783984 0.0277778 0.0164062
0 0.847222 0.0753906 0.0305556 0.0164062
0 0.178472 0.763672 0.0291667 0.0164062
0 0.124306 0.317578 0.0263889 0.0148437
0 0.138194 0.238281 0.0263889 0.015625
0 0.115972 0.416016 0.0291667 0.0164062
0 0.324306 0.0941406 0.0263889 0.0148437
0 0.608333 0.909766 0.025 0.0148437
0 0.50625 0.912109 0.0263889 0.0148437
0 0.868056 0.740234 0.0277778 0.0148437
0 0.384722 0.782812 0.0277778 0.015625
0 0.16875 0.320703 0.0236111 0.0132813
0 0.463194 0.196875 0.0236111 0.0140625
0 0.449306 0.922266 0.0263889 0.0148437
0 0.413194 0.169141 0.0291667 0.0164062
0 0.122222 0.382422 0.0277778 0.0148437
0 0.813889 0.0808594 0.0222222 0.0132813
0 0.123611 0.172266 0.025 0.0148437
0 0.775694 0.439844 0.0263889 0.0140625
0 0.818056 0.120703 0.0222222 0.0132813
0 0.2 0.144531 0.0277778 0.015625
0 0.598611 0.0757812 0.0305556 0.0171875
0 0.284722 0.55 0.025 0.0140625
0 0.874306 0.230859 0.0236111 0.0132813
0 0.632639 0.877344 0.0263889 0.0140625
0 0.261111 0.346875 0.025 0.015625
0 0.760417 0.816016 0.0236111 0.0132813
0 0.51875 0.133203 0.0236111 0.0132813
0 0.863194 0.926953 0.0263889 0.0148437
0 0.265278 0.894922 0.0305556 0.0164062
0 0.146528 0.334375 0.0291667 0.015625
0 0.773611 0.0960938 0.025 0.0140625
0 0.752083 0.362891 0.0263889 0.0148437
0 0.125 0.258594 0.025 0.0140625
0 0.879167 0.518359 0.025 0.0148437
0 0.740972 0.84375 0.0263889 0.0140625
0 0.875 0.776172 0.0277778 0.0164062
0 0.197917 0.126563 0.0319444 0.0171875
0 0.877778 0.896094 0.025 0.0140625
0 0.876389 0.610547 0.0277778 0.0164062
0 0.536111 0.925 0.0277778 0.015625
0 0.877778 0.570312 0.0277778 0.015625
0 0.627778 0.084375 0.025 0.0140625
0 0.169444 0.116797 0.0277778 0.0148437
0 0.508333 0.153125 0.0277778 0.015625
0 0.725 0.741406 0.025 0.0140625
0 0.327778 0.358203 0.0277778 0.0164062
0 0.447917 0.734766 0.0236111 0.0132813
0 0.715972 0.9125 0.0236111 0.0140625
0 0.797222 0.143359 0.0305556 0.0164062
0 0.140972 0.110547 0.0291667 0.0164062
0 0.281944 0.101172 0.025 0.0132813
0 0.752083 0.0839844 0.0319444 0.0179687
0 0.272222 0.162891 0.0277778 0.0148437
0 0.43125 0.183984 0.0263889 0.0148437
0 0.872917 0.876172 0.0263889 0.0148437
0 0.548611 0.338672 0.025 0.0132813
0 0.800694 0.918359 0.0236111 0.0132813
0 0.226389 0.784766 0.025 0.0148437
0 0.572222 0.739453 0.025 0.0132813
0 0.680556 0.0910156 0.0277778 0.0164062
0 0.794444 0.339063 0.025 0.0140625
0 0.320139 0.412891 0.0263889 0.0148437
0 0.397222 0.1 0.025 0.0140625
0 0.4 0.0796875 0.0277778 0.015625
0 0.594444 0.812891 0.0305556 0.0164062
0 0.582639 0.869141 0.0236111 0.0132813
0 0.729861 0.476562 0.0236111 0.0140625
0 0.669444 0.582031 0.025 0.0140625
0 0.221528 0.321484 0.0236111 0.0132813
0 0.620139 0.491406 0.0236111 0.0140625
0 0.171528 0.569922 0.0263889 0.0148437
0 0.170139 0.506641 0.0236111 0.0132813
0 0.222222 0.304297 0.025 0.0148437
0 0.384028 0.654688 0.0236111 0.0140625
0 0.275 0.142188 0.0277778 0.015625
0 0.541667 0.165625 0.0277778 0.015625
0 0.295833 0.845703 0.025 0.0148437
0 0.810417 0.640234 0.0291667 0.0164062
0 0.872222 0.692187 0.0277778 0.015625
0 0.770139 0.883984 0.0319444 0.0179687
0 0.565972 0.680859 0.0263889 0.0148437
0 0.380556 0.385938 0.0277778 0.015625
0 0.784722 0.369141 0.025 0.0148437
0 0.817361 0.595703 0.0263889 0.0148437
0 0.823611 0.857813 0.0277778 0.015625
0 0.307639 0.161328 0.0236111 0.0132813
0 0.240972 0.114453 0.0291667 0.0164062
0 0.29375 0.871875 0.0208333 0.0125
0 0.613194 0.580078 0.0263889 0.0148437
0 0.835417 0.467578 0.0263889 0.0148437
0 0.329167 0.0773437 0.0277778 0.015625
0 0.838889 0.684375 0.0277778 0.015625
0 0.191667 0.597266 0.0222222 0.0132813
0 0.229861 0.366406 0.0291667 0.015625
0 0.768056 0.329688 0.0277778 0.015625
0 0.415278 0.827734 0.025 0.0148437
0 0.468056 0.108203 0.025 0.0132813
0 0.559028 0.912891 0.0291667 0.0164062
0 0.439583 0.864844 0.0263889 0.015625
0 0.627083 0.923828 0.0486111 0.0257812
0 0.127778 0.604688 0.025 0.015625
0 0.514583 0.847266 0.0263889 0.0148437
0 0.413194 0.152344 0.0263889 0.0140625
0 0.649306 0.645312 0.0236111 0.0125
0 0.197917 0.294141 0.0236111 0.0132813
0 0.503472 0.894141 0.0263889 0.0148437
0 0.163889 0.655078 0.0277778 0.0148437
0 0.877778 0.0917969 0.0305556 0.0164062
0 0.459028 0.346484 0.0291667 0.0164062
0 0.64375 0.853906 0.0263889 0.0140625
0 0.242361 0.150781 0.0291667 0.0171875
0 0.875694 0.367188 0.0263889 0.015625
0 0.680556 0.821875 0.025 0.0140625
0 0.522222 0.578906 0.0277778 0.015625
0 0.313194 0.440625 0.0263889 0.015625
0 0.190972 0.64375 0.0458333 0.025
0 0.693056 0.139844 0.025 0.0140625
0 0.238889 0.0960938 0.025 0.0140625
0 0.434028 0.0902344 0.0263889 0.0148437
0 0.746528 0.450781 0.0208333 0.0125
0 0.807639 0.248047 0.0263889 0.0148437
0 0.61875 0.836719 0.0291667 0.015625
0 0.188889 0.336328 0.0444444 0.0257812
0 0.436111 0.511719 0.025 0.0140625
0 0.246528 0.680078 0.0236111 0.0132813
0 0.253472 0.184375 0.0291667 0.0171875
0 0.789583 0.166016 0.0263889 0.0148437
0 0.795139 0.708203 0.0263889 0.0148437
0 0.463889 0.366016 0.025 0.0132813
0 0.6875 0.463281 0.0305556 0.0171875
0 0.256944 0.788281 0.0277778 0.015625
0 0.802778 0.873438 0.0305556 0.0171875
0 0.725 0.820312 0.0277778 0.015625
0 0.826389 0.487891 0.025 0.0132813
0 0.875694 0.851562 0.0319444 0.0171875
0 0.404861 0.882031 0.0291667 0.015625
0 0.490278 0.167969 0.0277778 0.015625
0 0.773611 0.725781 0.025 0.0140625
0 0.829861 0.346094 0.0291667 0.015625
0 0.661111 0.164453 0.0305556 0.0164062
0 0.559722 0.389453 0.025 0.0148437
0 0.588194 0.831641 0.0263889 0.0148437
0 0.767361 0.550391 0.0291667 0.0164062
0 0.302778 0.316406 0.025 0.0140625
0 0.386111 0.346875 0.0277778 0.0140625
0 0.590278 0.511719 0.025 0.0140625
0 0.168056 0.141797 0.0305556 0.0164062
0 0.133333 0.441016 0.025 0.0148437
0 0.827083 0.298047 0.0319444 0.0179687
0 0.163194 0.462109 0.0263889 0.0148437
0 0.116667 0.341406 0.0472222 0.0265625
0 0.725 0.603516 0.025 0.0132813
0 0.152778 0.280859 0.0222222 0.0132813
0 0.665278 0.0738281 0.0305556 0.0164062
0 0.226389 0.175391 0.0277778 0.0148437
0 0.551389 0.281641 0.025 0.0132813
0 0.771528 0.487891 0.0263889 0.0148437
0 0.138194 0.842188 0.0263889 0.0140625
0 0.765972 0.702734 0.0263889 0.0148437
0 0.772222 0.19375 0.0222222 0.0125
0 0.158333 0.303125 0.025 0.0140625
0 0.707639 0.101172 0.0291667 0.0164062
0 0.560417 0.616797 0.0236111 0.0132813
0 0.831944 0.908594 0.025 0.0140625
0 0.318056 0.215625 0.025 0.0140625
0 0.225694 0.806641 0.0236111 0.0132813
0 0.129861 0.866016 0.0263889 0.0148437
0 0.332639 0.327734 0.0236111 0.0132813
0 0.678472 0.482031 0.0263889 0.015625
0 0.326389 0.883984 0.0277778 0.0148437
0 0.394444 0.842578 0.025 0.0148437
0 0.548611 0.565625 0.0277778 0.015625
0 0.760417 0.401563 0.0236111 0.0125
0 0.779861 0.116797 0.0263889 0.0148437
0 0.818056 0.361719 0.025 0.0140625
0 0.386806 0.121094 0.0291667 0.015625
0 0.343056 0.692969 0.025 0.0140625
0 0.845833 0.646484 0.0277778 0.0148437
0 0.511806 0.804297 0.0263889 0.0148437
0 0.3 0.478516 0.0222222 0.0132813
0 0.119444 0.132031 0.05 0.028125
0 0.271528 0.252344 0.0236111 0.0140625
0 0.155556 0.527344 0.0277778 0.015625
0 0.865972 0.632031 0.0263889 0.015625
0 0.249306 0.587891 0.0236111 0.0132813
0 0.745139 0.648047 0.0263889 0.0148437
0 0.481944 0.142188 0.0305556 0.01875
0 0.661806 0.496484 0.0263889 0.0148437
0 0.186806 0.698047 0.0291667 0.0164062
0 0.46875 0.822656 0.0263889 0.0140625
0 0.165972 0.851953 0.0263889 0.0148437
0 0.853472 0.386328 0.0263889 0.0148437
0 0.126389 0.575781 0.0472222 0.0265625
0 0.539583 0.603516 0.0263889 0.0148437
0 0.284028 0.303516 0.0263889 0.0148437
0 0.386111 0.240625 0.0277778 0.015625
0 0.286806 0.123438 0.0263889 0.0140625
0 0.688194 0.853906 0.0263889 0.015625
0 0.527083 0.262891 0.0236111 0.0132813
0 0.722917 0.294141 0.0236111 0.0132813
0 0.525 0.352734 0.0277778 0.0148437
0 0.544444 0.0894531 0.0277778 0.0148437
0 0.515278 0.701563 0.025 0.0140625
0 0.360417 0.371875 0.0263889 0.0140625
0 0.236806 0.287109 0.0263889 0.0148437
0 0.695833 0.351953 0.025 0.0148437
0 0.192361 0.813281 0.0263889 0.0140625
0 0.261111 0.371094 0.0277778 0.015625
0 0.853472 0.112891 0.0236111 0.0132813
0 0.580556 0.135156 0.0305556 0.0171875
0 0.359028 0.881641 0.0236111 0.0132813
0 0.172222 0.261719 0.025 0.0140625
0 0.828472 0.233203 0.0291667 0.0164062
0 0.375 0.510938 0.0277778 0.015625
0 0.147222 0.0898438 0.0305556 0.0171875
0 0.460417 0.58125 0.0236111 0.0140625
0 0.810417 0.196484 0.0236111 0.0132813
0 0.769444 0.515625 0.0277778 0.015625
0 0.50625 0.476172 0.0263889 0.0148437
0 0.677778 0.661719 0.0277778 0.015625
0 0.123611 0.533594 0.0472222 0.0265625
0 0.865972 0.154297 0.0319444 0.0179687
0 0.370139 0.595703 0.0236111 0.0132813
0 0.655556 0.546484 0.025 0.0132813
0 0.599306 0.341797 0.0263889 0.0148437
0 0.127778 0.640625 0.0277778 0.015625
0 0.20625 0.575391 0.0236111 0.0132813
0 0.21875 0.247266 0.0263889 0.0148437
0 0.783333 0.625781 0.025 0.0140625
0 0.225 0.402344 0.0277778 0.015625
0 0.294444 0.366016 0.025 0.0132813
0 0.445833 0.713281 0.025 0.0140625
0 0.615278 0.139062 0.0305556 0.0171875
0 0.252083 0.869922 0.0319444 0.0179687
0 0.560417 0.883203 0.0263889 0.0148437
0 0.467361 0.2375 0.0236111 0.0125
0 0.821528 0.215234 0.0263889 0.0148437
0 0.302778 0.590234 0.0277778 0.0148437
0 0.579861 0.793359 0.0458333 0.0257812
0 0.852778 0.535937 0.0277778 0.015625
0 0.340972 0.671094 0.0263889 0.0140625
0 0.172917 0.675 0.0319444 0.0171875
0 0.795833 0.796094 0.0222222 0.0125
0 0.173611 0.914062 0.0472222 0.0265625
0 0.427083 0.780078 0.0291667 0.0164062
0 0.608333 0.39375 0.025 0.0140625
0 0.202778 0.223438 0.025 0.0140625
0 0.642361 0.511328 0.0236111 0.0132813
0 0.210417 0.108203 0.0319444 0.0179687
0 0.857639 0.259375 0.0263889 0.0140625
0 0.129167 0.489453 0.0277778 0.0148437
0 0.827083 0.138672 0.0291667 0.0164062
0 0.674306 0.871484 0.0236111 0.0132813
0 0.730556 0.152344 0.0277778 0.015625
0 0.184722 0.238281 0.025 0.0140625
0 0.632639 0.596094 0.0263889 0.015625
0 0.189583 0.396484 0.0263889 0.0148437
0 0.254167 0.567969 0.0277778 0.015625
0 0.679861 0.283984 0.0236111 0.0132813
0 0.475694 0.857422 0.0263889 0.0148437
0 0.123611 0.685938 0.0472222 0.0265625
0 0.461806 0.905859 0.0263889 0.0148437
0 0.459028 0.439453 0.0236111 0.0132813
0 0.161111 0.748828 0.025 0.0148437
0 0.351389 0.477734 0.025 0.0132813
0 0.131944 0.729688 0.0277778 0.015625
0 0.822222 0.327734 0.0277778 0.0148437
0 0.659028 0.147266 0.0291667 0.0164062
0 0.589583 0.492969 0.0291667 0.015625
0 0.863889 0.432031 0.0305556 0.0171875
0 0.495833 0.834375 0.0277778 0.015625
0 0.872917 0.758984 0.0458333 0.0273438
0 0.671528 0.182812 0.0319444 0.01875
0 0.381944 0.426562 0.025 0.0140625
0 0.542361 0.186328 0.0263889 0.0148437
0 0.304167 0.502344 0.025 0.0140625
0 0.226389 0.709766 0.0277778 0.0164062
0 0.594444 0.661328 0.0222222 0.0132813
0 0.220139 0.641016 0.0263889 0.0148437
0 0.426389 0.809375 0.025 0.0140625
0 0.583333 0.103906 0.025 0.0140625
0 0.691667 0.373047 0.025 0.0148437
0 0.199306 0.356641 0.0263889 0.0148437
0 0.325 0.778516 0.0277778 0.0148437
0 0.169444 0.713281 0.025 0.0140625
0 0.2375 0.550781 0.0277778 0.015625
0 0.339583 0.584375 0.0263889 0.0140625
0 0.691667 0.560938 0.025 0.0140625
0 0.371528 0.171484 0.0263889 0.0148437
0 0.363889 0.403125 0.0277778 0.015625
0 0.289583 0.649219 0.0263889 0.0140625
0 0.866667 0.349219 0.0277778 0.015625
0 0.561111 0.663281 0.0277778 0.015625
0 0.365278 0.495313 0.0277778 0.015625
0 0.515972 0.621484 0.0236111 0.0132813
0 0.379861 0.6375 0.0263889 0.015625
0 0.529167 0.822266 0.0277778 0.0164062
0 0.1875 0.794141 0.0305556 0.0164062
0 0.379861 0.187891 0.0263889 0.0148437
0 0.572222 0.426172 0.025 0.0132813
0 0.253472 0.75 0.0263889 0.015625
0 0.705556 0.835938 0.0333333 0.01875
0 0.345833 0.63125 0.0277778 0.015625
0 0.527083 0.544141 0.0263889 0.0148437
0 0.5375 0.215625 0.0305556 0.0171875
0 0.711806 0.0816406 0.0291667 0.0164062
0 0.158333 0.182031 0.0277778 0.015625
0 0.515278 0.433594 0.025 0.0140625
0 0.496528 0.537109 0.0236111 0.0132813
0 0.461111 0.527344 0.025 0.0140625
0 0.761806 0.908203 0.0291667 0.0164062
0 0.740278 0.114453 0.0305556 0.0164062
0 0.647222 0.1 0.025 0.0140625
0 0.753472 0.345703 0.0458333 0.0257812
0 0.224306 0.834766 0.0263889 0.0148437
0 0.253472 0.465234 0.0263889 0.0148437
0 0.788194 0.747656 0.0263889 0.015625
0 0.272917 0.326172 0.0291667 0.0164062
0 0.536806 0.899609 0.0319444 0.0179687
0 0.577083 0.770312 0.0263889 0.015625
0 0.8375 0.51875 0.0277778 0.015625
0 0.665278 0.775 0.0277778 0.015625
0 0.538194 0.723828 0.0263889 0.0148437
0 0.583333 0.291406 0.0277778 0.015625
0 0.242361 0.417578 0.0263889 0.0148437
0 0.697222 0.160547 0.0277778 0.0148437
0 0.376389 0.764453 0.025 0.0148437
0 0.670833 0.528125 0.025 0.0140625
0 0.399306 0.614453 0.0236111 0.0132813
0 0.703472 0.260156 0.0236111 0.0140625
0 0.68125 0.113672 0.0263889 0.0148437
0 0.654861 0.71875 0.0263889 0.0140625
0 0.341667 0.164844 0.0277778 0.015625
0 0.34375 0.264062 0.0236111 0.0140625
0 0.642361 0.893359 0.0291667 0.0164062
0 0.395833 0.571484 0.0277778 0.0148437
0 0.424306 0.208984 0.0236111 0.0132813
0 0.494444 0.775 0.025 0.0140625
0 0.4625 0.48125 0.025 0.0140625
0 0.764583 0.290625 0.0263889 0.0140625
0 0.426389 0.414062 0.0277778 0.015625
0 0.160417 0.377344 0.0263889 0.015625
0 0.838889 0.703906 0.0277778 0.015625
0 0.211111 0.530469 0.025 0.0140625
0 0.647917 0.394141 0.0236111 0.0132813
0 0.3375 0.517578 0.0305556 0.0179687
0 0.448611 0.841016 0.025 0.0148437
0 0.256944 0.268359 0.0305556 0.0179687
0 0.589583 0.701172 0.0263889 0.0148437
0 0.313194 0.713281 0.0291667 0.015625
0 0.771528 0.678906 0.0263889 0.015625
0 0.397222 0.528906 0.0277778 0.015625
0 0.140972 0.557031 0.0486111 0.0265625
0 0.815972 0.394531 0.0319444 0.0171875
0 0.583333 0.378125 0.0305556 0.0171875
0 0.343056 0.749219 0.0277778 0.015625
0 0.829167 0.552734 0.0277778 0.0164062
0 0.279861 0.205859 0.0236111 0.0132813
0 0.368056 0.909766 0.0277778 0.0164062
0 0.172222 0.163672 0.0305556 0.0179687
0 0.659028 0.205078 0.0291667 0.0164062
0 0.669444 0.448438 0.025 0.0140625
0 0.69375 0.687891 0.0263889 0.0148437
0 0.65 0.222266 0.0277778 0.0148437
0 0.525694 0.517969 0.0263889 0.015625
0 0.182639 0.208984 0.0263889 0.0148437
0 0.633333 0.614844 0.025 0.0140625
0 0.499306 0.115234 0.0291667 0.0164062
0 0.584028 0.593359 0.0236111 0.0132813
0 0.234028 0.221094 0.0291667 0.0171875
0 0.846528 0.836328 0.0263889 0.0148437
0 0.792361 0.537891 0.0263889 0.0148437
0 0.45 0.258984 0.025 0.0148437
0 0.429167 0.537109 0.025 0.0148437
0 0.610417 0.415234 0.0236111 0.0132813
0 0.798611 0.765234 0.025 0.0148437
0 0.357639 0.203516 0.0263889 0.0148437
0 0.122917 0.148047 0.0486111 0.0273438
0 0.469444 0.639063 0.0277778 0.015625
0 0.828472 0.788672 0.0319444 0.0179687
0 0.734722 0.310547 0.0277778 0.0148437
0 0.754167 0.584375 0.025 0.0140625
0 0.357639 0.7125 0.0263889 0.0140625
0 0.704861 0.767969 0.0263889 0.015625
0 0.38125 0.554688 0.0263889 0.015625
0 0.843056 0.885938 0.0277778 0.015625
0 0.616667 0.639844 0.0277778 0.015625
0 0.322222 0.566406 0.0305556 0.0171875
0 0.213889 0.736719 0.0277778 0.015625
0 0.68125 0.394922 0.0263889 0.0148437
0 0.510417 0.191016 0.0263889 0.0148437
0 0.370833 0.15 0.0305556 0.0171875
0 0.790278 0.604688 0.0305556 0.0171875
0 0.630556 0.292188 0.0277778 0.015625
0 0.405556 0.371094 0.025 0.0140625
0 0.348611 0.425 0.0277778 0.015625
0 0.752778 0.861719 0.0277778 0.015625
0 0.611806 0.749219 0.0263889 0.0140625
0 0.720139 0.659375 0.0291667 0.015625
0 0.534722 0.240625 0.0277778 0.015625
0 0.441667 0.314453 0.0277778 0.0148437
0 0.722222 0.679297 0.0277778 0.0148437
0 0.840972 0.766797 0.0319444 0.0179687
0 0.461111 0.555078 0.025 0.0148437
0 0.459722 0.403516 0.0277778 0.0164062
0 0.430556 0.290625 0.0277778 0.015625
0 0.484722 0.335156 0.025 0.0140625
0 0.317361 0.639453 0.0319444 0.0179687
0 0.453472 0.688672 0.0263889 0.0148437
0 0.645139 0.665234 0.0263889 0.0148437
0 0.616667 0.5375 0.025 0.0140625
0 0.560417 0.229687 0.0319444 0.0171875
0 0.491667 0.357422 0.0277778 0.0148437
0 0.513889 0.453906 0.0277778 0.015625
0 0.707639 0.877344 0.0319444 0.01875
0 0.224306 0.198828 0.0263889 0.0148437
0 0.370139 0.307422 0.0263889 0.0148437
0 0.214583 0.272266 0.0291667 0.0164062
0 0.61875 0.355469 0.0263889 0.015625
0 0.332639 0.910547 0.0319444 0.0179687
0 0.504861 0.497266 0.0263889 0.0148437
0 0.599306 0.887891 0.0291667 0.0164062
0 0.28125 0.532812 0.0319444 0.0171875
0 0.395139 0.223828 0.0263889 0.0148437
0 0.305556 0.607813 0.0277778 0.015625
0 0.404167 0.490625 0.0277778 0.015625
0 0.318056 0.113281 0.0305556 0.0171875
0 0.505556 0.289844 0.0277778 0.015625
0 0.208333 0.675391 0.0277778 0.0148437
0 0.541667 0.760547 0.0277778 0.0148437
0 0.648611 0.814844 0.0333333 0.01875
0 0.735417 0.723828 0.0263889 0.0148437
0 0.828472 0.430859 0.0486111 0.0257812
0 0.551389 0.444531 0.0277778 0.015625
0 0.528472 0.378125 0.0319444 0.0171875
0 0.285417 0.18125 0.0319444 0.01875
0 0.827083 0.732813 0.0319444 0.0171875
0 0.534028 0.108203 0.0319444 0.0179687
0 0.339583 0.453516 0.0263889 0.0148437
0 0.703472 0.617578 0.0319444 0.0179687
0 0.820833 0.666016 0.0305556 0.0179687
0 0.152778 0.398047 0.025 0.0148437
0 0.698611 0.54375 0.0277778 0.015625
0 0.559722 0.539453 0.0277778 0.0148437
0 0.404861 0.281641 0.0263889 0.0148437
0 0.868056 0.71875 0.0472222 0.0265625
0 0.543056 0.478906 0.0277778 0.015625
0 0.315972 0.249609 0.0263889 0.0148437
0 0.448611 0.655469 0.0305556 0.0171875
0 0.611806 0.233203 0.0263889 0.0148437
0 0.697917 0.430469 0.0291667 0.015625
0 0.741667 0.180469 0.0305556 0.0171875
0 0.427778 0.467187 0.025 0.0140625
0 0.213889 0.45625 0.05 0.0265625
0 0.472222 0.307031 0.025 0.0140625
0 0.244444 0.512891 0.025 0.0148437
0 0.541667 0.305469 0.0277778 0.015625
0 0.704861 0.183984 0.0486111 0.0273438
0 0.631944 0.315625 0.0277778 0.015625
0 0.604167 0.680469 0.0305556 0.0171875
0 0.674306 0.338281 0.0291667 0.015625
0 0.684028 0.898828 0.0319444 0.0179687
0 0.172222 0.484766 0.0333333 0.0179687
0 0.686806 0.745313 0.0263889 0.015625
0 0.702083 0.716797 0.0319444 0.0179687
0 0.291667 0.914453 0.0277778 0.0164062
0 0.753472 0.257812 0.0263889 0.0140625
0 0.865278 0.670313 0.0444444 0.025
0 0.797222 0.458594 0.025 0.0140625
0 0.428472 0.239844 0.0291667 0.015625
0 0.877778 0.183203 0.0444444 0.0257812
0 0.288194 0.419141 0.0458333 0.0257812
0 0.119444 0.220313 0.0472222 0.0265625
0 0.573611 0.720703 0.0305556 0.0179687
0 0.702778 0.202344 0.0472222 0.0265625
0 0.13125 0.464063 0.0430556 0.025
0 0.176389 0.418359 0.0277778 0.0164062
0 0.5125 0.318359 0.025 0.0148437
0 0.688889 0.223438 0.0277778 0.015625
0 0.597917 0.608984 0.0263889 0.0148437
0 0.5 0.560938 0.0277778 0.015625
0 0.4 0.259375 0.0277778 0.015625
0 0.852083 0.807813 0.0319444 0.01875
0 0.317361 0.533594 0.0486111 0.0265625
0 0.667361 0.918359 0.0486111 0.0273438
0 0.842361 0.578125 0.0319444 0.0171875
0 0.715278 0.450781 0.0305556 0.0171875
0 0.563194 0.641016 0.0263889 0.0148437
0 0.675 0.627734 0.0305556 0.0164062
0 0.171528 0.613281 0.0319444 0.0171875
0 0.477083 0.60625 0.0319444 0.0171875
0 0.435417 0.625391 0.0263889 0.0148437
0 0.415972 0.740234 0.0319444 0.0179687
0 0.460417 0.216406 0.0319444 0.0171875
0 0.797222 0.846875 0.0472222 0.0265625
0 0.386111 0.454688 0.0277778 0.015625
0 0.327083 0.194141 0.0291667 0.0164062
0 0.150694 0.819141 0.0319444 0.0179687
0 0.618056 0.257031 0.0305556 0.0171875
0 0.475694 0.743359 0.0319444 0.0179687
0 0.761806 0.796094 0.0291667 0.015625
0 0.11875 0.295703 0.0458333 0.0257812
0 0.398611 0.701563 0.0277778 0.015625
0 0.358333 0.13125 0.0305556 0.0171875
0 0.221528 0.382031 0.0458333 0.0265625
0 0.4875 0.671094 0.0277778 0.015625
0 0.247917 0.725 0.0458333 0.025
0 0.479861 0.459766 0.0319444 0.0179687
0 0.509722 0.866406 0.0333333 0.01875
0 0.616667 0.722656 0.0305556 0.0171875
0 0.511806 0.737891 0.0319444 0.0179687
0 0.330556 0.862109 0.0333333 0.0195312
0 0.7375 0.234766 0.0444444 0.0257812
0 0.313889 0.142188 0.0305556 0.0171875
0 0.226389 0.342187 0.0472222 0.0265625
0 0.404167 0.316016 0.0277778 0.0148437
0 0.570833 0.458594 0.0305556 0.0171875
0 0.719444 0.568359 0.0277778 0.0164062
0 0.195139 0.180859 0.0319444 0.0179687
0 0.408333 0.913281 0.0305556 0.0171875
0 0.452778 0.149609 0.0277778 0.0148437
0 0.743056 0.626562 0.0305556 0.0171875
0 0.493056 0.2125 0.0333333 0.01875
0 0.307639 0.670313 0.0458333 0.0265625
0 0.359028 0.290234 0.0319444 0.0179687
0 0.331944 0.380859 0.0305556 0.0179687
0 0.609722 0.469141 0.0277778 0.0148437
0 0.381944 0.682813 0.0305556 0.0171875
0 0.802778 0.505469 0.0305556 0.0171875
0 0.200694 0.891797 0.0486111 0.0257812
0 0.681944 0.311328 0.0277778 0.0148437
0 0.358333 0.234375 0.0305556 0.0171875
0 0.6375 0.785156 0.0472222 0.0265625
0 0.24375 0.133594 0.0458333 0.0265625
0 0.295139 0.744141 0.0458333 0.0257812
0 0.61875 0.203125 0.0319444 0.0171875
0 0.166667 0.780078 0.0472222 0.0273438
0 0.465972 0.498828 0.0319444 0.0179687
0 0.508333 0.646875 0.0277778 0.015625
0 0.513194 0.398047 0.0319444 0.0179687
0 0.609722 0.44375 0.0305556 0.0171875
0 0.351389 0.345313 0.0472222 0.0265625
0 0.254167 0.769531 0.0472222 0.0265625
0 0.738194 0.382031 0.0291667 0.0171875
0 0.704167 0.797656 0.0305556 0.0171875
0 0.295139 0.455859 0.0319444 0.0179687
0 0.535417 0.787891 0.0319444 0.0179687
0 0.1375 0.512109 0.0472222 0.0273438
0 0.418056 0.679297 0.0305556 0.0179687
0 0.559028 0.808203 0.0458333 0.0257812
0 0.25 0.491406 0.0305556 0.0171875
0 0.366667 0.796875 0.0472222 0.0265625
0 0.121528 0.758984 0.0486111 0.0273438
0 0.429167 0.568359 0.0305556 0.0179687
0 0.486111 0.380469 0.0333333 0.01875
0 0.339583 0.839844 0.0486111 0.0265625
0 0.268056 0.225781 0.0305556 0.0171875
0 0.840972 0.608203 0.0458333 0.0257812
0 0.740972 0.526953 0.0319444 0.0179687
0 0.798611 0.269141 0.0277778 0.0164062
0 0.271528 0.399219 0.0319444 0.0171875
0 0.642361 0.568359 0.0319444 0.0179687
0 0.738194 0.211719 0.0458333 0.0265625
0 0.127778 0.195703 0.0472222 0.0273438
0 0.710417 0.124609 0.0458333 0.0257812
0 0.467361 0.876562 0.0486111 0.028125
0 0.264583 0.817578 0.0319444 0.0179687
0 0.227778 0.611328 0.0305556 0.0179687
0 0.157639 0.592578 0.0458333 0.0257812
0 0.752083 0.130469 0.0486111 0.0265625
0 0.427083 0.118359 0.0319444 0.0179687
0 0.790972 0.823828 0.0458333 0.0257812
0 0.859028 0.283984 0.0458333 0.0273438
0 0.577778 0.309766 0.0444444 0.0257812
0 0.481944 0.70625 0.0333333 0.01875
0 0.507639 0.592969 0.0458333 0.0265625
0 0.528472 0.66875 0.0291667 0.0171875
0 0.375694 0.738281 0.0319444 0.0171875
0 0.663889 0.8375 0.0472222 0.0265625
0 0.708333 0.50625 0.0305556 0.0171875
0 0.800694 0.688672 0.0458333 0.0257812
0 0.740278 0.491797 0.0472222 0.0273438
0 0.490278 0.0890625 0.0472222 0.0265625
0 0.646528 0.366406 0.0319444 0.01875
0 0.265278 0.626172 0.0333333 0.0179687
0 0.801389 0.892578 0.0472222 0.0257812
0 0.280556 0.686719 0.0472222 0.0265625
0 0.559722 0.355859 0.0472222 0.0257812
0 0.295833 0.345313 0.0472222 0.0265625
0 0.261111 0.842188 0.0472222 0.0265625
0 0.228472 0.912891 0.0486111 0.0273438
0 0.360417 0.534766 0.0486111 0.0273438
0 0.270833 0.436719 0.0472222 0.0265625
0 0.79375 0.417188 0.0458333 0.0265625
0 0.193056 0.438672 0.0472222 0.0273438
0 0.781944 0.646875 0.0472222 0.0265625
0 0.152083 0.891016 0.0458333 0.0257812
0 0.771528 0.238672 0.0486111 0.0273438
0 0.55 0.142969 0.0472222 0.0265625
0 0.396528 0.402734 0.0486111 0.0273438
0 0.806944 0.101953 0.0444444 0.0257812
0 0.458333 0.172656 0.0472222 0.0265625
0 0.794444 0.560938 0.0472222 0.0265625
0 0.455556 0.770312 0.0444444 0.025
0 0.657639 0.424609 0.0458333 0.0257812
0 0.189583 0.549609 0.0458333 0.0257812
0 0.576389 0.169531 0.0472222 0.0265625
0 0.827778 0.173438 0.0472222 0.0265625
0 0.566667 0.204688 0.0472222 0.0265625
0 0.684722 0.596094 0.0472222 0.0265625
0 0.802083 0.311328 0.0458333 0.0257812
0 0.554167 0.502734 0.0472222 0.0257812
0 0.425694 0.34375 0.0486111 0.0265625
0 0.728472 0.895703 0.0486111 0.0273438
0 0.576389 0.262891 0.0472222 0.0257812
0 0.275 0.0816406 0.0472222 0.0257812
0 0.622917 0.122266 0.0458333 0.0257812
0 0.628472 0.170312 0.0486111 0.0265625
0 0.420833 0.645703 0.0388889 0.0226563
0 0.75 0.426172 0.0444444 0.0257812
0 0.743056 0.757812 0.0472222 0.0265625
0 0.584722 0.562891 0.0472222 0.0273438
0 0.304167 0.803906 0.0472222 0.0265625
0 0.648611 0.472266 0.0472222 0.0257812
0 0.483333 0.263281 0.0472222 0.0265625
0 0.484722 0.416406 0.0472222 0.0265625
0 0.568056 0.851953 0.0472222 0.0257812
0 0.309722 0.283203 0.0444444 0.0257812
0 0.210417 0.858594 0.0458333 0.0265625
0 0.202083 0.498047 0.0458333 0.0257812
0 0.46875 0.795313 0.0458333 0.0265625
0 0.666667 0.249219 0.0472222 0.0265625
0 0.428472 0.599609 0.0458333 0.0257812
0 0.633333 0.696875 0.0472222 0.0265625
