0 0.294444 0.453125 0.0333333 0.01875
0 0.298611 0.383594 0.0333333 0.0203125
0 0.870833 0.330078 0.0277778 0.0148437
0 0.371528 0.448047 0.0347222 0.0195312
0 0.490278 0.075 0.0361111 0.0203125
0 0.910417 0.177734 0.0319444 0.0179687
0 0.853472 0.131641 0.0291667 0.0148437
0 0.0722222 0.0257812 0.0333333 0.0171875
0 0.722222 0.312891 0.0305556 0.0179687
0 0.727778 0.494922 0.0305556 0.0164062
0 0.670139 0.136719 0.0319444 0.01875
0 0.617361 0.221875 0.0291667 0.015625
0 0.9625 0.632422 0.0444444 0.0242187
0 0.488889 0.547656 0.0361111 0.0203125
0 0.865278 0.991797 0.05 0.0164062
0 0.852778 0.419531 0.0277778 0.015625
0 0.467361 0.162891 0.0319444 0.0179687
0 0.473611 0.339453 0.0333333 0.0195312
0 0.954167 0.389062 0.0416667 0.0234375
0 0.447222 0.226562 0.0305556 0.0171875
0 0.634722 0.127344 0.0305556 0.0171875
0 0.492361 0.0523437 0.0291667 0.015625
0 0.919444 0.583984 0.0361111 0.0195312
0 0.828472 0.459375 0.0291667 0.0171875
0 0.711806 0.599219 0.0347222 0.01875
0 0.484722 0.205859 0.0305556 0.0164062
0 0.745833 0.504687 0.0305556 0.0171875
0 0.913889 0.414453 0.05 0.0273438
0 0.689583 0.441406 0.0263889 0.015625
0 0.384028 0.0273438 0.0347222 0.01875
0 0.784722 0.514453 0.0305556 0.0179687
0 0.822222 0.0109375 0.0388889 0.01875
0 0.845139 0.775391 0.0319444 0.0179687
0 0.649306 0.0363281 0.0319444 0.0179687
0 0.773611 0.155859 0.0333333 0.0195312
0 0.49375 0.428906 0.0236111 0.0140625
0 0.307639 0.471875 0.0375 0.0203125
0 0.499306 0.4125 0.0319444 0.01875
0 0.652778 0.716016 0.0305556 0.0164062
0 0.913194 0.142578 0.0319444 0.0179687
0 0.324306 0.94375 0.0347222 0.01875
0 0.253472 0.158203 0.0291667 0.0164062
0 0.334722 0.442969 0.0333333 0.01875
0 0.61875 0.0105469 0.0458333 0.0179687
0 0.849306 0.347656 0.0319444 0.01875
0 0.624306 0.114844 0.0347222 0.01875
0 0.885417 0.214844 0.0291667 0.015625
0 0.473611 0.591406 0.0333333 0.01875
0 0.515278 0.107031 0.0361111 0.0203125
0 0.693056 0.251563 0.0305556 0.0171875
0 0.640972 0.342187 0.0375 0.021875
0 0.810417 0.226953 0.0319444 0.0179687
0 0.777778 0.264062 0.0361111 0.01875
0 0.611806 0.532031 0.0347222 0.0203125
0 0.909722 0.311328 0.05 0.0273438
0 0.430556 0.954687 0.0361111 0.01875
0 0.2875 0.195312 0.0277778 0.015625
0 0.840972 0.65625 0.0319444 0.0171875
0 0.68125 0.269141 0.0319444 0.0179687
0 0.598611 0.130859 0.0333333 0.0195312
0 0.4625 0.297266 0.0333333 0.0195312
0 0.705556 0.230859 0.0361111 0.0195312
0 0.778472 0.494531 0.0319444 0.0171875
0 0.505556 0.170703 0.0305556 0.0164062
0 0.511111 0.350781 0.0277778 0.0171875
0 0.588194 0.015625 0.0319444 0.0171875
0 0.957639 0.526563 0.0375 0.0203125
0 0.658333 0.921875 0.0583333 0.028125
0 0.367361 0.375 0.0291667 0.0171875
0 0.818056 0.359375 0.025 0.0140625
0 0.468056 0.390234 0.0333333 0.0179687
0 0.918056 0.605469 0.05 0.0265625
0 0.0854167 0.989844 0.0513889 0.0203125
0 0.861111 0.200781 0.0305556 0.0171875
0 0.69375 0.503906 0.0263889 0.015625
0 0.527083 0.376563 0.0347222 0.01875
0 0.317361 0.233984 0.0291667 0.0164062
0 0.584722 0.451172 0.0305556 0.0164062
0 0.128472 0.919531 0.0652778 0.0328125
0 0.952083 0.453125 0.0375 0.021875
0 0.527083 0.560938 0.0319444 0.01875
0 0.525694 0.434766 0.0347222 0.0195312
0 0.373611 0.516797 0.0333333 0.0195312
0 0.828472 0.278516 0.0291667 0.0164062
0 0.974306 0.470313 0.0513889 0.028125
0 0.173611 0.962109 0.0472222 0.0257812
0 0.332639 0.498047 0.0347222 0.0195312
0 0.373611 0.406641 0.0388889 0.0226563
0 0.474306 0.246484 0.0291667 0.0164062
0 0.952083 0.694531 0.0513889 0.028125
0 0.352778 0.323438 0.0305556 0.0171875
0 0.688194 0.484766 0.0263889 0.0148437
0 0.850694 0.315234 0.0291667 0.0164062
0 0.794444 0.928125 0.0333333 0.01875
0 0.445139 0.365625 0.0263889 0.015625
0 0.429167 0.176563 0.0333333 0.0171875
0 0.665278 0.510547 0.0333333 0.0195312
0 0.647222 0.175 0.0305556 0.0171875
0 0.397222 0.210938 0.0277778 0.0140625
0 0.558333 0.234375 0.0361111 0.0203125
0 0.696528 0.655859 0.0375 0.0195312
0 0.572222 0.162891 0.0305556 0.0164062
0 0.782639 0.0105469 0.0375 0.0164062
0 0.556944 0.186719 0.0305556 0.0171875
0 0.633333 0.418359 0.0305556 0.0179687
0 0.397917 0.388672 0.0319444 0.0179687
0 0.281944 0.272656 0.0333333 0.01875
0 0.413194 0.408594 0.0291667 0.0171875
0 0.634028 0.065625 0.0319444 0.0171875
0 0.772222 0.209766 0.0333333 0.0195312
0 0.645833 0.564453 0.0305556 0.0179687
0 0.534028 0.529688 0.0291667 0.0171875
0 0.721528 0.526953 0.0291667 0.0164062
0 0.802083 0.342578 0.0347222 0.0179687
0 0.61875 0.585156 0.0347222 0.0203125
0 0.821528 0.548437 0.0263889 0.015625
0 0.584722 0.248047 0.0305556 0.0164062
0 0.818056 0.112109 0.0277778 0.0148437
0 0.527778 0.507812 0.0333333 0.01875
0 0.617361 0.403516 0.0291667 0.0164062
0 0.51875 0.469141 0.0291667 0.0164062
0 0.843056 0.4 0.0277778 0.015625
0 0.656944 0.217187 0.0333333 0.01875
0 0.35625 0.346875 0.0319444 0.0171875
0 0.216667 0.94375 0.0277778 0.015625
0 0.800694 0.134375 0.0347222 0.0203125
0 0.847917 0.4375 0.0291667 0.0171875
0 0.479167 0.454297 0.0333333 0.0195312
0 0.718056 0.369922 0.0361111 0.0210938
0 0.409028 0.369922 0.0319444 0.0179687
0 0.628472 0.240625 0.0319444 0.01875
0 0.415972 0.490625 0.0347222 0.0203125
0 0.686806 0.328516 0.0347222 0.0195312
0 0.438194 0.246094 0.0291667 0.015625
0 0.595833 0.487891 0.0305556 0.0164062
0 0.654861 0.198828 0.0375 0.0195312
0 0.761806 0.459766 0.0319444 0.0179687
0 0.406944 0.294922 0.0333333 0.0195312
0 0.711806 0.188672 0.0347222 0.0195312
0 0.79375 0.285937 0.0319444 0.01875
0 0.330556 0.28125 0.0388889 0.021875
0 0.61875 0.438281 0.0319444 0.01875
0 0.726389 0.340234 0.0333333 0.0179687
0 0.864583 0.378125 0.0291667 0.015625
0 0.6125 0.508203 0.0333333 0.0195312
0 0.61875 0.28125 0.0319444 0.01875
0 0.564583 0.144531 0.0319444 0.0171875
0 0.514583 0.150391 0.0319444 0.0164062
0 0.765972 0.181641 0.0319444 0.0179687
0 0.415972 0.270312 0.0347222 0.0203125
0 0.424306 0.316797 0.0319444 0.0179687
0 0.8625 0.284375 0.0333333 0.01875
0 0.452778 0.403906 0.0305556 0.0171875
0 0.798611 0.320703 0.0333333 0.0179687
0 0.682639 0.291016 0.0375 0.0210938
0 0.342361 0.918359 0.0597222 0.0320312
0 0.757639 0.413672 0.0347222 0.0195312
0 0.755556 0.321484 0.0333333 0.0195312
0 0.845833 0.225781 0.0277778 0.015625
0 0.585417 0.339844 0.0263889 0.015625
0 0.484028 0.501172 0.0319444 0.0179687
0 0.51875 0.191016 0.0319444 0.0179687
0 0.570833 0.516016 0.0388889 0.0210938
0 0.40625 0.432422 0.0291667 0.0164062
0 0.397917 0.189453 0.0319444 0.0179687
0 0.567361 0.221484 0.0375 0.0210938
0 0.667361 0.239453 0.0319444 0.0179687
0 0.733333 0.443359 0.0305556 0.0179687
0 0.670139 0.466016 0.0291667 0.0164062
0 0.541667 0.337109 0.0305556 0.0179687
0 0.518056 0.285156 0.0333333 0.01875
0 0.850694 0.180469 0.0319444 0.0171875
0 0.761111 0.243359 0.0333333 0.0179687
0 0.552778 0.461328 0.0361111 0.0195312
0 0.502083 0.330859 0.0319444 0.0195312
0 0.474306 0.482422 0.0291667 0.0164062
0 0.622222 0.462891 0.0333333 0.0179687
0 0.752083 0.353516 0.0319444 0.0179687
0 0.804167 0.195312 0.0333333 0.0171875
0 0.388889 0.242969 0.0361111 0.0203125
0 0.413194 0.459766 0.0347222 0.0195312
0 0.559028 0.266016 0.0319444 0.0179687
0 0.653472 0.445312 0.0291667 0.015625
0 0.522917 0.394141 0.0319444 0.0179687
0 0.471528 0.192188 0.0347222 0.0203125
0 0.695139 0.166797 0.0319444 0.0164062
0 0.473611 0.268359 0.0333333 0.0179687
0 0.521528 0.217969 0.0347222 0.01875
0 0.79375 0.441406 0.0319444 0.0171875
0 0.681944 0.376953 0.0305556 0.0179687
0 0.551389 0.358594 0.0333333 0.01875
0 0.877083 0.233203 0.0291667 0.0164062
0 0.449306 0.425 0.0319444 0.01875
0 0.583333 0.434766 0.0277778 0.0148437
0 0.493056 0.525391 0.0333333 0.0179687
0 0.447917 0.511328 0.0347222 0.0195312
0 0.563194 0.412891 0.0375 0.0210938
0 0.616667 0.202734 0.0361111 0.0195312
0 0.871528 0.260156 0.0347222 0.01875
0 0.782639 0.374219 0.0291667 0.0171875
0 0.559028 0.310937 0.0347222 0.0203125
0 0.650694 0.394922 0.0319444 0.0179687
0 0.638889 0.486328 0.0361111 0.0195312
0 0.609028 0.165625 0.0347222 0.01875
0 0.918056 0.540625 0.0444444 0.0234375
0 0.810417 0.419531 0.0319444 0.01875
0 0.586111 0.380078 0.0333333 0.0195312
0 0.521528 0.255078 0.0347222 0.0195312
0 0.634028 0.369141 0.0347222 0.0195312
0 0.697222 0.417969 0.0361111 0.0203125
